//Date and Time Voxelized: 
Mon Dec 21 17:24:32 2020
//World Voxel Size: 
0.05
//Voxel Amount in each direction (x, y, z): 
17	20	13
//The Voxel Information (First 4 numbers rgba, next 3 numbers voxel position (x, y, z), remaining normal vector (x, y, z)): 
1	1	1	1	-0.812228	-0.434043	-0.389734	0	0.4	0.3
1	1	1	1	-0.863226	-0.504391	-0.0207741	0	0.4	0.35
1	1	1	1	-0.863226	-0.504391	-0.0207741	0	0.4	0.4
1	1	1	1	-0.849856	-0.408926	0.332451	0	0.4	0.45
1	1	1	1	-0.873715	-0.200323	-0.443275	0	0.45	0.3
1	1	1	1	-0.967515	-0.247953	0.0493471	0	0.45	0.35
1	1	1	1	-0.967515	-0.247953	0.0493471	0	0.45	0.4
1	1	1	1	-0.9762	0.0139661	0.216421	0	0.45	0.45
1	1	1	1	-0.914189	0.275589	-0.297169	0	0.5	0.3
1	1	1	1	-0.95123	0.288655	-0.108813	0	0.5	0.35
1	1	1	1	-0.95123	0.288655	-0.108813	0	0.5	0.4
1	1	1	1	-0.9762	0.0139661	0.216421	0	0.5	0.45
1	1	1	1	-0.893114	0.196814	-0.40449	0	0.55	0.3
1	1	1	1	-0.968921	0.237841	-0.0679944	0	0.55	0.35
1	1	1	1	-0.95123	0.288655	-0.108813	0	0.55	0.4
1	1	1	1	-0.781444	-0.536596	0.318448	0	0.55	0.45
1	1	1	1	-0.465745	-0.860571	-0.206153	0	0.55	0.5
1	1	1	1	-0.425412	-0.891203	0.157423	0	0.55	0.55
1	1	1	1	-0.891265	-0.186028	-0.413569	0	0.6	0.3
1	1	1	1	-0.699304	-0.7059	-0.112598	0	0.6	0.35
1	1	1	1	-0.699304	-0.7059	-0.112598	0	0.6	0.4
1	1	1	1	-0.970182	-0.218844	-0.104183	0	0.6	0.45
1	1	1	1	-0.970182	-0.218844	-0.104183	0	0.6	0.5
1	1	1	1	-0.969315	-0.177291	0.170284	0	0.6	0.55
1	1	1	1	-0.840817	0.0839401	-0.534771	0	0.65	0.3
1	1	1	1	-0.944631	0.170605	-0.280297	0	0.65	0.35
1	1	1	1	-0.950394	0.281304	-0.132737	0	0.65	0.4
1	1	1	1	-0.956145	-0.27008	0.113327	0	0.65	0.45
1	1	1	1	-0.937047	0.342185	0.069662	0	0.65	0.5
1	1	1	1	-0.885052	0.379524	0.269527	0	0.65	0.55
1	1	1	1	-0.778609	0.440622	-0.446789	0	0.7	0.3
1	1	1	1	-0.824925	-0.127513	-0.550672	0	0.7	0.35
1	1	1	1	-0.824925	-0.127513	-0.550672	0	0.7	0.4
1	1	1	1	-0.937047	0.342185	0.069662	0	0.7	0.45
1	1	1	1	-0.937047	0.342185	0.069662	0	0.7	0.5
1	1	1	1	-0.966427	0.174416	0.188676	0	0.7	0.55
1	1	1	1	-0.728986	0.534408	-0.427771	0	0.75	0.3
1	1	1	1	-0.824925	-0.127513	-0.550672	0	0.75	0.35
1	1	1	1	-0.824925	-0.127513	-0.550672	0	0.75	0.4
1	1	1	1	-0.891498	0.343584	0.295264	0	0.75	0.45
1	1	1	1	-0.891498	0.343584	0.295264	0	0.75	0.5
1	1	1	1	-0.525735	0.592062	0.61079	0	0.75	0.55
1	1	1	1	-0.754342	0.215278	-0.62018	0	0.8	0.35
1	1	1	1	-0.434807	0.900197	0.0242411	0	0.8	0.4
1	1	1	1	-0.575127	0.707171	0.411264	0	0.8	0.45
1	1	1	1	-0.50711	-0.661939	-0.551976	0.05	0.35	0.25
1	1	1	1	-0.50711	-0.661939	-0.551976	0.05	0.35	0.3
1	1	1	1	-0.845403	-0.531057	-0.057202	0.05	0.35	0.35
1	1	1	1	-0.867855	-0.486162	0.102342	0.05	0.35	0.4
1	1	1	1	-0.808741	-0.566365	0.158644	0.05	0.35	0.45
1	1	1	1	-0.679436	-0.516392	0.521254	0.05	0.35	0.5
1	1	1	1	-0.669163	-0.318703	-0.671305	0.05	0.4	0.25
1	1	1	1	-0.883208	-0.285875	-0.371777	0.05	0.4	0.3
1	1	1	1	-0.863226	-0.504391	-0.0207741	0.05	0.4	0.35
1	1	1	1	-0.863226	-0.504391	-0.0207741	0.05	0.4	0.4
1	1	1	1	-0.849856	-0.408926	0.332451	0.05	0.4	0.45
1	1	1	1	-0.581064	-0.4455	0.681097	0.05	0.4	0.5
1	1	1	1	-0.729035	-0.0238165	-0.684062	0.05	0.45	0.25
1	1	1	1	-0.703352	-0.190543	-0.684828	0.05	0.45	0.3
1	1	1	1	-0.849856	-0.408926	0.332451	0.05	0.45	0.45
1	1	1	1	-0.520797	-0.234102	0.820955	0.05	0.45	0.5
1	1	1	1	-0.61289	0.317322	-0.723652	0.05	0.5	0.25
1	1	1	1	-0.761885	0.193844	-0.618025	0.05	0.5	0.3
1	1	1	1	-0.783561	0.212216	0.58395	0.05	0.5	0.45
1	1	1	1	-0.654266	0.226082	0.721681	0.05	0.5	0.5
1	1	1	1	-0.61289	0.317322	-0.723652	0.05	0.55	0.25
1	1	1	1	-0.893114	0.196814	-0.40449	0.05	0.55	0.3
1	1	1	1	-0.893114	0.196814	-0.40449	0.05	0.55	0.35
1	1	1	1	-0.928061	0.228713	0.293926	0.05	0.55	0.4
1	1	1	1	-0.928061	0.228713	0.293926	0.05	0.55	0.45
1	1	1	1	-0.477356	0.273662	0.835009	0.05	0.55	0.5
1	1	1	1	-0.306269	-0.906893	0.289387	0.05	0.55	0.55
1	1	1	1	-0.473458	-0.290907	-0.831391	0.05	0.6	0.25
1	1	1	1	-0.473458	-0.290907	-0.831391	0.05	0.6	0.3
1	1	1	1	-0.575513	-0.348011	0.740049	0.05	0.6	0.55
1	1	1	1	-0.378785	-0.171572	0.909442	0.05	0.6	0.6
1	1	1	1	-0.443608	-0.0591139	-0.894269	0.05	0.65	0.25
1	1	1	1	-0.473458	-0.290907	-0.831391	0.05	0.65	0.3
1	1	1	1	-0.204019	-0.339865	0.918079	0.05	0.65	0.55
1	1	1	1	-0.411335	-0.0427658	0.910481	0.05	0.65	0.6
1	1	1	1	-0.419325	0.0302455	-0.907332	0.05	0.7	0.25
1	1	1	1	-0.728986	0.534408	-0.427771	0.05	0.7	0.3
1	1	1	1	-0.332246	0.632561	0.699628	0.05	0.7	0.55
1	1	1	1	-0.196208	0.298507	0.934022	0.05	0.7	0.6
1	1	1	1	-0.804979	-0.56602	-0.17785	0.05	0.75	0.2
1	1	1	1	-0.419325	0.0302455	-0.907332	0.05	0.75	0.25
1	1	1	1	-0.874538	0.102763	-0.473943	0.05	0.75	0.3
1	1	1	1	-0.874538	0.102763	-0.473943	0.05	0.75	0.35
1	1	1	1	-0.58367	0.697087	0.416412	0.05	0.75	0.45
1	1	1	1	-0.394432	0.774218	0.494985	0.05	0.75	0.5
1	1	1	1	-0.332246	0.632561	0.699628	0.05	0.75	0.55
1	1	1	1	-0.724299	-0.597557	-0.343972	0.05	0.8	0.15
1	1	1	1	-0.905625	0.33728	0.257072	0.05	0.8	0.2
1	1	1	1	-0.905625	0.33728	0.257072	0.05	0.8	0.25
1	1	1	1	-0.38958	0.908044	-0.153896	0.05	0.8	0.3
1	1	1	1	-0.152184	0.984375	-0.0885772	0.05	0.8	0.35
1	1	1	1	-0.152184	0.984375	-0.0885772	0.05	0.8	0.4
1	1	1	1	-0.575127	0.707171	0.411264	0.05	0.8	0.45
1	1	1	1	-0.575127	0.707171	0.411264	0.05	0.8	0.5
1	1	1	1	-0.923563	0.324365	0.204497	0.05	0.85	0.1
1	1	1	1	-0.84649	0.461657	0.265193	0.05	0.85	0.15
1	1	1	1	-0.84649	0.461657	0.265193	0.05	0.85	0.2
1	1	1	1	-0.563966	0.722096	0.400649	0.05	0.85	0.25
1	1	1	1	-0.417167	0.786216	0.455891	0.05	0.9	0.05
1	1	1	1	-0.639503	0.739244	0.211078	0.05	0.9	0.1
1	1	1	1	-0.639503	0.739244	0.211078	0.05	0.9	0.15
1	1	1	1	-0.11736	0.898458	0.423083	0.05	0.95	0.05
1	1	1	1	-0.534777	0.315948	-0.783703	0.1	0.15	0.25
1	1	1	1	-0.898252	0.14706	-0.414146	0.1	0.15	0.3
1	1	1	1	-0.941281	-0.176881	-0.28758	0.1	0.15	0.35
1	1	1	1	-0.740368	0.179111	0.6479	0.1	0.15	0.4
1	1	1	1	-0.942592	-0.155006	-0.295794	0.1	0.15	0.45
1	1	1	1	-0.942079	0.19232	0.274774	0.1	0.15	0.5
1	1	1	1	-0.534777	0.315948	-0.783703	0.1	0.2	0.25
1	1	1	1	-0.898252	0.14706	-0.414146	0.1	0.2	0.3
1	1	1	1	-0.941281	-0.176881	-0.28758	0.1	0.2	0.35
1	1	1	1	-0.725729	0.458948	0.512527	0.1	0.2	0.4
1	1	1	1	-0.915065	0.397802	-0.0664087	0.1	0.2	0.45
1	1	1	1	-0.942079	0.19232	0.274774	0.1	0.2	0.5
1	1	1	1	-0.286816	-0.886994	-0.36191	0.1	0.3	0.3
1	1	1	1	-0.600513	-0.729875	-0.326599	0.1	0.3	0.35
1	1	1	1	-0.687581	-0.726078	0.00650527	0.1	0.3	0.4
1	1	1	1	-0.669985	-0.678962	0.300217	0.1	0.3	0.45
1	1	1	1	-0.429131	-0.557027	-0.711033	0.1	0.35	0.2
1	1	1	1	-0.50711	-0.661939	-0.551976	0.1	0.35	0.25
1	1	1	1	-0.50029	-0.748909	-0.434563	0.1	0.35	0.3
1	1	1	1	-0.76817	-0.633151	-0.0950473	0.1	0.35	0.35
1	1	1	1	-0.638359	-0.764585	0.0889227	0.1	0.35	0.4
1	1	1	1	-0.617175	-0.743772	0.256706	0.1	0.35	0.45
1	1	1	1	-0.679436	-0.516392	0.521254	0.1	0.35	0.5
1	1	1	1	-0.669163	-0.318703	-0.671305	0.1	0.4	0.2
1	1	1	1	-0.50711	-0.661939	-0.551976	0.1	0.4	0.25
1	1	1	1	-0.368372	-0.359823	0.857222	0.1	0.4	0.5
1	1	1	1	-0.368372	-0.359823	0.857222	0.1	0.4	0.55
1	1	1	1	-0.323134	0.103004	-0.940731	0.1	0.45	0.2
1	1	1	1	-0.669163	-0.318703	-0.671305	0.1	0.45	0.25
1	1	1	1	-0.520797	-0.234102	0.820955	0.1	0.45	0.5
1	1	1	1	-0.461666	0.178479	0.868913	0.1	0.45	0.55
1	1	1	1	-0.339886	0.0822342	-0.936865	0.1	0.5	0.2
1	1	1	1	-0.556694	0.196	-0.807265	0.1	0.5	0.25
1	1	1	1	-0.399719	0.279128	0.873105	0.1	0.5	0.5
1	1	1	1	-0.399719	0.279128	0.873105	0.1	0.5	0.55
1	1	1	1	-0.476933	0.35128	-0.80569	0.1	0.55	0.2
1	1	1	1	-0.61289	0.317322	-0.723652	0.1	0.55	0.25
1	1	1	1	-0.260754	0.363456	0.894375	0.1	0.55	0.5
1	1	1	1	0.545172	-0.778733	0.310422	0.1	0.55	0.55
1	1	1	1	-0.382512	0.22992	-0.894886	0.1	0.6	0.25
1	1	1	1	-0.316112	-0.41824	-0.851556	0.1	0.6	0.3
1	1	1	1	0.464789	-0.829493	0.309698	0.1	0.6	0.5
1	1	1	1	0.669169	-0.538984	0.511574	0.1	0.6	0.55
1	1	1	1	-0.378785	-0.171572	0.909442	0.1	0.6	0.6
1	1	1	1	0.0524824	0.0623472	-0.996674	0.1	0.65	0.25
1	1	1	1	0.23714	0.423939	0.874094	0.1	0.65	0.55
1	1	1	1	-0.378785	-0.171572	0.909442	0.1	0.65	0.6
1	1	1	1	0.0524824	0.0623472	-0.996674	0.1	0.7	0.25
1	1	1	1	-0.0329684	0.591342	0.805747	0.1	0.7	0.55
1	1	1	1	0.232443	0.136107	0.96304	0.1	0.7	0.6
1	1	1	1	0.319474	-0.923549	-0.212117	0.1	0.75	0.1
1	1	1	1	-0.639461	-0.273327	-0.718597	0.1	0.75	0.15
1	1	1	1	0.169937	-0.940266	-0.294993	0.1	0.75	0.2
1	1	1	1	0.169937	-0.940266	-0.294993	0.1	0.75	0.25
1	1	1	1	-0.102246	0.748502	0.655202	0.1	0.75	0.5
1	1	1	1	-0.123744	0.641127	0.757392	0.1	0.75	0.55
1	1	1	1	0.553075	-0.771694	-0.314	0.1	0.8	0
1	1	1	1	0.297712	-0.901509	-0.314084	0.1	0.8	0.05
1	1	1	1	0.297712	-0.901509	-0.314084	0.1	0.8	0.1
1	1	1	1	-0.639461	-0.273327	-0.718597	0.1	0.8	0.15
1	1	1	1	-0.661258	-0.747641	-0.0614098	0.1	0.8	0.2
1	1	1	1	0.0668764	0.669658	0.739653	0.1	0.8	0.25
1	1	1	1	0.101299	0.85535	0.50805	0.1	0.8	0.3
1	1	1	1	-0.152184	0.984375	-0.0885772	0.1	0.8	0.35
1	1	1	1	-0.152184	0.984375	-0.0885772	0.1	0.8	0.4
1	1	1	1	-0.0913828	0.975418	0.200521	0.1	0.8	0.45
1	1	1	1	-0.24084	0.86988	0.430471	0.1	0.8	0.5
1	1	1	1	-0.875596	-0.157123	-0.456776	0.1	0.85	0
1	1	1	1	-0.907004	-0.148835	-0.393943	0.1	0.85	0.05
1	1	1	1	-0.908087	-0.211889	-0.361223	0.1	0.85	0.1
1	1	1	1	0.0677304	0.902694	0.424919	0.1	0.85	0.15
1	1	1	1	0.0677304	0.902694	0.424919	0.1	0.85	0.2
1	1	1	1	0.0668764	0.669658	0.739653	0.1	0.85	0.25
1	1	1	1	0.101299	0.85535	0.50805	0.1	0.85	0.3
1	1	1	1	-0.875596	-0.157123	-0.456776	0.1	0.9	0
1	1	1	1	0.385715	0.820926	0.421075	0.1	0.9	0.05
1	1	1	1	0.385715	0.820926	0.421075	0.1	0.9	0.1
1	1	1	1	0.0677304	0.902694	0.424919	0.1	0.9	0.15
1	1	1	1	0.0677304	0.902694	0.424919	0.1	0.9	0.2
1	1	1	1	-0.0975962	0.976977	0.189712	0.1	0.95	0
1	1	1	1	0.385715	0.820926	0.421075	0.1	0.95	0.05
1	1	1	1	-0.534777	0.315948	-0.783703	0.15	0.15	0.25
1	1	1	1	0.0116987	-0.997337	-0.0719882	0.15	0.15	0.3
1	1	1	1	-0.0696998	-0.997177	0.0279466	0.15	0.15	0.35
1	1	1	1	-0.740368	0.179111	0.6479	0.15	0.15	0.4
1	1	1	1	-0.704231	0.448647	-0.55025	0.15	0.15	0.45
1	1	1	1	-0.867941	0.183547	0.461508	0.15	0.15	0.5
1	1	1	1	-0.682679	0.0934192	0.724722	0.15	0.15	0.55
1	1	1	1	-0.534777	0.315948	-0.783703	0.15	0.2	0.25
1	1	1	1	-0.437545	0.359619	-0.824153	0.15	0.2	0.3
1	1	1	1	-0.332326	0.823047	0.460601	0.15	0.2	0.35
1	1	1	1	-0.603894	0.621665	-0.498843	0.15	0.2	0.4
1	1	1	1	-0.603894	0.621665	-0.498843	0.15	0.2	0.45
1	1	1	1	-0.428471	0.692629	0.580239	0.15	0.2	0.5
1	1	1	1	-0.428471	0.692629	0.580239	0.15	0.2	0.55
1	1	1	1	-0.934327	0.266611	0.236541	0.15	0.25	0.3
1	1	1	1	-0.934327	0.266611	0.236541	0.15	0.25	0.35
1	1	1	1	-0.284083	0.948957	-0.137034	0.15	0.25	0.45
1	1	1	1	-0.274264	0.85757	0.435147	0.15	0.25	0.5
1	1	1	1	-0.466661	-0.669672	-0.577726	0.15	0.3	0.25
1	1	1	1	-0.304454	-0.878082	-0.369162	0.15	0.3	0.3
1	1	1	1	-0.886705	0.0313034	0.461275	0.15	0.3	0.35
1	1	1	1	-0.248144	-0.768047	0.590363	0.15	0.3	0.4
1	1	1	1	-0.248144	-0.768047	0.590363	0.15	0.3	0.45
1	1	1	1	-0.216002	-0.83307	0.509252	0.15	0.3	0.5
1	1	1	1	-0.432036	-0.646665	-0.628625	0.15	0.35	0.2
1	1	1	1	0.0235442	-0.617731	-0.786037	0.15	0.35	0.25
1	1	1	1	-0.466661	-0.669672	-0.577726	0.15	0.35	0.3
1	1	1	1	-0.392054	-0.729911	0.559932	0.15	0.35	0.45
1	1	1	1	-0.0168652	-0.577418	0.816274	0.15	0.35	0.5
1	1	1	1	-0.0718596	-0.419367	0.904968	0.15	0.35	0.55
1	1	1	1	0.0673269	-0.516559	-0.853601	0.15	0.4	0.2
1	1	1	1	-0.381256	-0.425004	0.820984	0.15	0.4	0.5
1	1	1	1	-0.368372	-0.359823	0.857222	0.15	0.4	0.55
1	1	1	1	-0.220022	0.132195	-0.966496	0.15	0.45	0.2
1	1	1	1	-0.461666	0.178479	0.868913	0.15	0.45	0.55
1	1	1	1	-0.220022	0.132195	-0.966496	0.15	0.5	0.2
1	1	1	1	-0.306968	0.337296	0.889945	0.15	0.5	0.5
1	1	1	1	-0.306968	0.337296	0.889945	0.15	0.5	0.55
1	1	1	1	-0.451755	0.367196	-0.813071	0.15	0.55	0.2
1	1	1	1	-0.451755	0.367196	-0.813071	0.15	0.55	0.25
1	1	1	1	-0.32592	0.383384	0.864172	0.15	0.55	0.5
1	1	1	1	-0.175139	0.279519	0.944032	0.15	0.55	0.55
1	1	1	1	-0.297689	0.428737	-0.852974	0.15	0.6	0.2
1	1	1	1	-0.454852	0.340928	-0.822726	0.15	0.6	0.25
1	1	1	1	0.00354601	0.423939	0.905684	0.15	0.6	0.5
1	1	1	1	0.669169	-0.538984	0.511574	0.15	0.6	0.55
1	1	1	1	0.696905	-0.360363	0.62005	0.15	0.6	0.6
1	1	1	1	0.0524824	0.0623472	-0.996674	0.15	0.65	0.25
1	1	1	1	0.492921	0.308595	0.81351	0.15	0.65	0.5
1	1	1	1	0.785207	0.0347407	0.618259	0.15	0.65	0.55
1	1	1	1	0.575027	0.342196	0.743133	0.15	0.65	0.6
1	1	1	1	0.0524824	0.0623472	-0.996674	0.15	0.7	0.25
1	1	1	1	0.483477	0.290973	-0.825582	0.15	0.7	0.3
1	1	1	1	0.605489	0.270472	0.748483	0.15	0.7	0.45
1	1	1	1	0.775652	0.373208	0.508998	0.15	0.7	0.5
1	1	1	1	0.686622	0.399422	0.607464	0.15	0.7	0.55
1	1	1	1	0.442425	-0.847496	-0.293276	0.15	0.75	0.15
1	1	1	1	0.698513	-0.693699	-0.175675	0.15	0.75	0.2
1	1	1	1	0.356967	0.158885	-0.920505	0.15	0.75	0.25
1	1	1	1	0.979791	-0.176455	-0.0941994	0.15	0.75	0.3
1	1	1	1	0.782437	0.117729	0.6115	0.15	0.75	0.45
1	1	1	1	0.5642	0.378181	0.733933	0.15	0.75	0.5
1	1	1	1	0.496047	0.415059	0.762669	0.15	0.75	0.55
1	1	1	1	0.85858	-0.430207	-0.278857	0.15	0.8	0
1	1	1	1	0.917218	-0.377564	-0.127108	0.15	0.8	0.05
1	1	1	1	0.917218	-0.377564	-0.127108	0.15	0.8	0.1
1	1	1	1	0.723174	-0.654799	-0.219679	0.15	0.8	0.15
1	1	1	1	0.810271	0.497679	0.309478	0.15	0.8	0.2
1	1	1	1	0.810271	0.497679	0.309478	0.15	0.8	0.25
1	1	1	1	0.71773	0.618503	0.319872	0.15	0.8	0.3
1	1	1	1	0.165975	0.882555	0.439941	0.15	0.8	0.35
1	1	1	1	0.552744	0.831422	0.0566751	0.15	0.8	0.4
1	1	1	1	0.301609	0.908298	0.289872	0.15	0.8	0.45
1	1	1	1	0.301609	0.908298	0.289872	0.15	0.8	0.5
1	1	1	1	0.85858	-0.430207	-0.278857	0.15	0.85	0
1	1	1	1	0.917218	-0.377564	-0.127108	0.15	0.85	0.05
1	1	1	1	0.715843	0.616401	0.328052	0.15	0.85	0.1
1	1	1	1	0.6377	0.749527	0.177618	0.15	0.85	0.15
1	1	1	1	0.810271	0.497679	0.309478	0.15	0.85	0.2
1	1	1	1	0.810271	0.497679	0.309478	0.15	0.85	0.25
1	1	1	1	-0.680046	0.731705	-0.0463097	0.15	0.85	0.3
1	1	1	1	-0.550445	0.765723	0.332685	0.15	0.85	0.35
1	1	1	1	0.855771	0.112048	-0.505076	0.15	0.9	0
1	1	1	1	0.715843	0.616401	0.328052	0.15	0.9	0.05
1	1	1	1	0.715843	0.616401	0.328052	0.15	0.9	0.1
1	1	1	1	0.6377	0.749527	0.177618	0.15	0.9	0.15
1	1	1	1	0.711823	0.410874	-0.56964	0.15	0.95	0
1	1	1	1	-0.678155	0.152549	-0.718912	0.2	0.15	0.2
1	1	1	1	-0.678155	0.152549	-0.718912	0.2	0.15	0.25
1	1	1	1	0.00435986	-0.999971	-0.00630595	0.2	0.15	0.3
1	1	1	1	0.00763736	-0.999954	0.00576408	0.2	0.15	0.35
1	1	1	1	0.00763736	-0.999954	0.00576408	0.2	0.15	0.4
1	1	1	1	-0.0617024	-0.996874	0.0493493	0.2	0.15	0.45
1	1	1	1	-0.0111093	-0.999549	0.0278912	0.2	0.15	0.5
1	1	1	1	0.0592685	-0.970159	0.235116	0.2	0.15	0.55
1	1	1	1	-0.301967	0.436663	-0.847432	0.2	0.2	0.25
1	1	1	1	-0.519599	0.644666	-0.560733	0.2	0.2	0.3
1	1	1	1	-0.490296	0.733561	0.470636	0.2	0.2	0.35
1	1	1	1	-0.603894	0.621665	-0.498843	0.2	0.2	0.4
1	1	1	1	-0.531679	0.722772	-0.441496	0.2	0.2	0.45
1	1	1	1	-0.274264	0.85757	0.435147	0.2	0.2	0.5
1	1	1	1	-0.428471	0.692629	0.580239	0.2	0.2	0.55
1	1	1	1	-0.336054	0.321286	-0.885349	0.2	0.25	0.25
1	1	1	1	-0.934327	0.266611	0.236541	0.2	0.25	0.3
1	1	1	1	-0.806332	-0.36104	0.468486	0.2	0.25	0.35
1	1	1	1	-0.777379	0.289166	0.558628	0.2	0.25	0.4
1	1	1	1	-0.968834	0.123749	-0.214586	0.2	0.25	0.45
1	1	1	1	-0.274264	0.85757	0.435147	0.2	0.25	0.5
1	1	1	1	0.0593401	0.799175	0.598162	0.2	0.25	0.55
1	1	1	1	-0.710561	-0.223129	-0.667321	0.2	0.3	0.25
1	1	1	1	-0.863546	-0.057671	-0.500961	0.2	0.3	0.3
1	1	1	1	-0.886705	0.0313034	0.461275	0.2	0.3	0.35
1	1	1	1	-0.865429	-0.482084	-0.136484	0.2	0.3	0.4
1	1	1	1	-0.968834	0.123749	-0.214586	0.2	0.3	0.45
1	1	1	1	-0.677261	-0.221878	0.70149	0.2	0.3	0.5
1	1	1	1	0.0181866	-0.527852	-0.849142	0.2	0.35	0.2
1	1	1	1	0.0181866	-0.527852	-0.849142	0.2	0.35	0.25
1	1	1	1	-0.0168652	-0.577418	0.816274	0.2	0.35	0.5
1	1	1	1	-0.0718596	-0.419367	0.904968	0.2	0.35	0.55
1	1	1	1	0.0181866	-0.527852	-0.849142	0.2	0.4	0.2
1	1	1	1	-0.0718596	-0.419367	0.904968	0.2	0.4	0.55
1	1	1	1	-0.104433	-0.123085	-0.986886	0.2	0.45	0.2
1	1	1	1	0.116996	-0.145984	0.982345	0.2	0.45	0.55
1	1	1	1	-0.104433	-0.123085	-0.986886	0.2	0.5	0.2
1	1	1	1	0.0822081	0.270049	0.959331	0.2	0.5	0.55
1	1	1	1	0.0746508	0.436416	-0.896643	0.2	0.55	0.2
1	1	1	1	0.00171116	0.520768	0.853697	0.2	0.55	0.5
1	1	1	1	-0.0326801	0.38212	0.923535	0.2	0.55	0.55
1	1	1	1	-0.124624	0.419562	-0.899131	0.2	0.6	0.2
1	1	1	1	-0.228218	0.715475	-0.660313	0.2	0.6	0.25
1	1	1	1	0.404007	0.537019	0.740533	0.2	0.6	0.45
1	1	1	1	0.127019	0.452819	0.882509	0.2	0.6	0.5
1	1	1	1	0.235931	0.14496	-0.960897	0.2	0.65	0.25
1	1	1	1	0.521204	0.269958	-0.809611	0.2	0.65	0.3
1	1	1	1	0.804076	0.46956	0.364657	0.2	0.65	0.45
1	1	1	1	0.450786	0.181582	0.873968	0.2	0.65	0.5
1	1	1	1	0.474237	0.258865	-0.841479	0.2	0.7	0.25
1	1	1	1	0.680775	0.438884	-0.586452	0.2	0.7	0.3
1	1	1	1	0.988831	0.136474	-0.0598968	0.2	0.7	0.35
1	1	1	1	0.862792	0.468417	0.190199	0.2	0.7	0.4
1	1	1	1	0.862792	0.468417	0.190199	0.2	0.7	0.45
1	1	1	1	0.527402	0.372228	0.763736	0.2	0.7	0.5
1	1	1	1	0.0867328	-0.71115	-0.69767	0.2	0.75	0.3
1	1	1	1	0.883574	-0.409207	0.227698	0.2	0.75	0.35
1	1	1	1	0.895261	-0.224824	0.384659	0.2	0.75	0.4
1	1	1	1	0.707801	-0.131344	0.694094	0.2	0.75	0.45
1	1	1	1	0.707801	-0.131344	0.694094	0.2	0.75	0.5
1	1	1	1	-0.431509	-0.297868	-0.851513	0.2	0.8	0.25
1	1	1	1	-0.184076	-0.478083	-0.858809	0.2	0.8	0.3
1	1	1	1	0.561637	0.31816	0.763766	0.2	0.8	0.35
1	1	1	1	0.552744	0.831422	0.0566751	0.2	0.8	0.4
1	1	1	1	0.783576	0.56404	0.260516	0.2	0.8	0.45
1	1	1	1	-0.63208	0.30297	-0.713221	0.2	0.85	0.25
1	1	1	1	-0.604462	0.782201	0.150955	0.2	0.85	0.3
1	1	1	1	-0.105844	0.575113	0.811198	0.2	0.85	0.35
1	1	1	1	-0.439795	0.0821085	-0.894337	0.25	0.15	0.15
1	1	1	1	-0.886586	-0.0988147	-0.451887	0.25	0.15	0.2
1	1	1	1	-0.956817	0.175377	-0.231826	0.25	0.15	0.25
1	1	1	1	0.0173522	-0.999845	-0.00313134	0.25	0.15	0.3
1	1	1	1	-0.119992	-0.984582	0.127279	0.25	0.15	0.35
1	1	1	1	-0.207786	-0.943646	0.2576	0.25	0.15	0.4
1	1	1	1	0.103249	-0.993786	0.0415707	0.25	0.15	0.45
1	1	1	1	0.0729802	-0.978124	-0.1948	0.25	0.15	0.5
1	1	1	1	0.226082	0.198767	0.953613	0.25	0.15	0.55
1	1	1	1	-0.402423	0.317361	-0.858684	0.25	0.2	0.15
1	1	1	1	-0.548933	0.74078	-0.387192	0.25	0.2	0.2
1	1	1	1	-0.336054	0.321286	-0.885349	0.25	0.2	0.25
1	1	1	1	-0.0456511	0.589003	0.80684	0.25	0.2	0.5
1	1	1	1	0.149596	0.679588	0.71818	0.25	0.2	0.55
1	1	1	1	-0.327045	0.892328	-0.311116	0.25	0.25	0.2
1	1	1	1	0.151022	-0.143148	-0.978111	0.25	0.25	0.25
1	1	1	1	-0.145923	0.760734	0.632448	0.25	0.25	0.5
1	1	1	1	0.151022	-0.143148	-0.978111	0.25	0.3	0.25
1	1	1	1	-0.677261	-0.221878	0.70149	0.25	0.3	0.5
1	1	1	1	-0.355828	-0.141784	0.923734	0.25	0.3	0.55
1	1	1	1	-0.38358	-0.470686	-0.794557	0.25	0.35	0.2
1	1	1	1	0.162348	-0.378692	-0.911173	0.25	0.35	0.25
1	1	1	1	-0.677261	-0.221878	0.70149	0.25	0.35	0.5
1	1	1	1	0.1954	-0.0541055	0.97923	0.25	0.35	0.55
1	1	1	1	-0.290473	-0.265062	-0.919439	0.25	0.4	0.2
1	1	1	1	0.0534848	-0.455159	0.888802	0.25	0.4	0.55
1	1	1	1	-0.104433	-0.123085	-0.986886	0.25	0.45	0.2
1	1	1	1	0.240462	-0.257587	0.935856	0.25	0.45	0.55
1	1	1	1	-0.12153	0.221239	-0.967618	0.25	0.5	0.2
1	1	1	1	0.421637	0.269035	0.865934	0.25	0.5	0.5
1	1	1	1	-0.0215186	0.392004	0.919712	0.25	0.5	0.55
1	1	1	1	-0.130693	0.300487	-0.944789	0.25	0.55	0.2
1	1	1	1	-0.254928	0.302538	0.918413	0.25	0.55	0.5
1	1	1	1	-0.312273	0.352638	0.882118	0.25	0.55	0.55
1	1	1	1	-0.0583737	0.438298	-0.896932	0.25	0.6	0.2
1	1	1	1	-0.130184	0.749247	-0.64937	0.25	0.6	0.25
1	1	1	1	0.404007	0.537019	0.740533	0.25	0.6	0.45
1	1	1	1	-0.0898739	0.73446	0.672675	0.25	0.6	0.5
1	1	1	1	-0.130184	0.749247	-0.64937	0.25	0.65	0.25
1	1	1	1	0.173697	0.955713	-0.237574	0.25	0.65	0.3
1	1	1	1	0.81513	0.557408	-0.15767	0.25	0.65	0.35
1	1	1	1	0.862792	0.468417	0.190199	0.25	0.65	0.4
1	1	1	1	-0.0478293	0.722642	0.689566	0.25	0.65	0.45
1	1	1	1	0.599877	0.736693	-0.31214	0.25	0.7	0.3
1	1	1	1	0.891591	0.438989	-0.111147	0.25	0.7	0.35
1	1	1	1	0.862792	0.468417	0.190199	0.25	0.7	0.4
1	1	1	1	0.862792	0.468417	0.190199	0.25	0.7	0.45
1	1	1	1	0.525246	-0.845362	0.0973632	0.25	0.75	0.3
1	1	1	1	0.463179	-0.756922	0.461014	0.25	0.75	0.35
1	1	1	1	0.0867328	-0.71115	-0.69767	0.25	0.8	0.25
1	1	1	1	0.525246	-0.845362	0.0973632	0.25	0.8	0.3
1	1	1	1	0.212757	0.436394	0.874239	0.25	0.8	0.35
1	1	1	1	-0.203113	-0.419272	-0.884848	0.25	0.85	0.25
1	1	1	1	-0.151755	0.638202	0.754764	0.25	0.85	0.3
1	1	1	1	-0.105844	0.575113	0.811198	0.25	0.85	0.35
1	1	1	1	-0.536764	0.830579	0.148403	0.25	0.9	0.25
1	1	1	1	0.318917	0.210109	0.9242	0.25	0.9	0.3
1	1	1	1	-0.402423	0.317361	-0.858684	0.3	0.15	0.15
1	1	1	1	-0.0210695	-0.999339	-0.0296292	0.3	0.15	0.2
1	1	1	1	0.588121	-0.690535	0.42104	0.3	0.15	0.25
1	1	1	1	0.0377496	-0.99763	-0.0575329	0.3	0.15	0.3
1	1	1	1	0.0197924	-0.999185	0.0351711	0.3	0.15	0.35
1	1	1	1	0.652683	-0.731404	0.197619	0.3	0.15	0.4
1	1	1	1	0.652683	-0.731404	0.197619	0.3	0.15	0.45
1	1	1	1	0.652683	-0.731404	0.197619	0.3	0.15	0.5
1	1	1	1	-0.767243	-0.17577	0.6168	0.3	0.15	0.55
1	1	1	1	-0.674079	-0.023483	0.738286	0.3	0.15	0.6
1	1	1	1	-0.402423	0.317361	-0.858684	0.3	0.2	0.15
1	1	1	1	-0.548933	0.74078	-0.387192	0.3	0.2	0.2
1	1	1	1	0.52623	-0.770824	0.359044	0.3	0.2	0.25
1	1	1	1	0.0122498	-0.999225	-0.0374179	0.3	0.2	0.3
1	1	1	1	0.0122498	-0.999225	-0.0374179	0.3	0.2	0.35
1	1	1	1	0.771945	-0.596469	0.219829	0.3	0.2	0.45
1	1	1	1	0.23985	0.423671	0.873484	0.3	0.2	0.5
1	1	1	1	-0.352661	0.366627	0.860938	0.3	0.2	0.55
1	1	1	1	-0.352661	0.366627	0.860938	0.3	0.2	0.6
1	1	1	1	-0.219435	0.638577	-0.73761	0.3	0.25	0.15
1	1	1	1	-0.131318	0.938415	-0.319583	0.3	0.25	0.2
1	1	1	1	-0.131318	0.938415	-0.319583	0.3	0.25	0.25
1	1	1	1	-0.0642716	-0.131056	0.989289	0.3	0.25	0.5
1	1	1	1	-0.445266	0.778366	0.442588	0.3	0.25	0.55
1	1	1	1	-0.779071	-0.239354	-0.579446	0.3	0.3	0.15
1	1	1	1	-0.746272	-0.371807	-0.552121	0.3	0.3	0.2
1	1	1	1	0.151022	-0.143148	-0.978111	0.3	0.3	0.25
1	1	1	1	0.367123	-0.0650514	0.927895	0.3	0.3	0.5
1	1	1	1	0.13772	-0.0993503	0.985476	0.3	0.3	0.55
1	1	1	1	-0.62329	-0.188097	-0.759032	0.3	0.35	0.1
1	1	1	1	-0.670204	-0.357841	-0.650213	0.3	0.35	0.15
1	1	1	1	-0.38358	-0.470686	-0.794557	0.3	0.35	0.2
1	1	1	1	0.162348	-0.378692	-0.911173	0.3	0.35	0.25
1	1	1	1	0.271045	-0.195789	0.942444	0.3	0.35	0.5
1	1	1	1	0.135916	-0.165099	0.976867	0.3	0.35	0.55
1	1	1	1	-0.62329	-0.188097	-0.759032	0.3	0.4	0.1
1	1	1	1	-0.751786	-0.276721	-0.598534	0.3	0.4	0.15
1	1	1	1	-0.290473	-0.265062	-0.919439	0.3	0.4	0.2
1	1	1	1	0.416654	-0.099315	0.903624	0.3	0.4	0.5
1	1	1	1	0.135916	-0.165099	0.976867	0.3	0.4	0.55
1	1	1	1	-0.658731	0.365899	-0.657413	0.3	0.45	0.1
1	1	1	1	-0.200635	0.250517	-0.947094	0.3	0.45	0.15
1	1	1	1	-0.247697	0.183576	-0.951286	0.3	0.45	0.2
1	1	1	1	-0.286615	0.0842041	0.954338	0.3	0.45	0.55
1	1	1	1	-0.200635	0.250517	-0.947094	0.3	0.5	0.15
1	1	1	1	-0.200635	0.250517	-0.947094	0.3	0.5	0.2
1	1	1	1	-0.102539	0.485826	0.86802	0.3	0.5	0.5
1	1	1	1	-0.286615	0.0842041	0.954338	0.3	0.5	0.55
1	1	1	1	-0.130693	0.300487	-0.944789	0.3	0.55	0.2
1	1	1	1	0.365855	0.275572	0.888938	0.3	0.55	0.5
1	1	1	1	-0.182713	0.452654	0.872766	0.3	0.55	0.55
1	1	1	1	-0.114511	0.663403	-0.739449	0.3	0.6	0.2
1	1	1	1	-0.114511	0.663403	-0.739449	0.3	0.6	0.25
1	1	1	1	-0.0739824	0.826429	0.558159	0.3	0.6	0.45
1	1	1	1	0.281798	0.764696	0.579509	0.3	0.6	0.5
1	1	1	1	0.0418333	0.965252	-0.257952	0.3	0.65	0.25
1	1	1	1	0.173697	0.955713	-0.237574	0.3	0.65	0.3
1	1	1	1	-0.25845	0.960934	0.0990442	0.3	0.65	0.35
1	1	1	1	0.0170805	0.908019	0.418579	0.3	0.65	0.4
1	1	1	1	-0.0739824	0.826429	0.558159	0.3	0.65	0.45
1	1	1	1	0.250368	-0.829118	-0.49988	0.3	0.8	0.25
1	1	1	1	0.525246	-0.845362	0.0973632	0.3	0.8	0.3
1	1	1	1	0.454911	-0.0648373	0.888173	0.3	0.8	0.35
1	1	1	1	-0.198978	-0.41695	-0.886882	0.3	0.85	0.2
1	1	1	1	-0.123954	-0.383569	-0.915156	0.3	0.85	0.25
1	1	1	1	0.419259	0.432422	0.798269	0.3	0.85	0.3
1	1	1	1	-0.511609	0.171932	-0.84184	0.3	0.9	0.2
1	1	1	1	-0.536764	0.830579	0.148403	0.3	0.9	0.25
1	1	1	1	-0.536764	0.830579	0.148403	0.3	0.9	0.3
1	1	1	1	-0.618092	0.410198	-0.670597	0.3	0.95	0.2
1	1	1	1	-0.536764	0.830579	0.148403	0.3	0.95	0.25
1	1	1	1	0.634925	0.116866	0.763683	0.3	0.95	0.3
1	1	1	1	-0.0120848	-0.999881	-0.00956051	0.35	0.15	0.15
1	1	1	1	-0.0161637	-0.97757	0.209992	0.35	0.15	0.2
1	1	1	1	0.652683	-0.731404	0.197619	0.35	0.15	0.4
1	1	1	1	0.771945	-0.596469	0.219829	0.35	0.15	0.45
1	1	1	1	-0.0300556	-0.996238	0.0812766	0.35	0.15	0.5
1	1	1	1	0.00575734	-0.976074	0.217364	0.35	0.15	0.55
1	1	1	1	-0.00311013	-0.674279	0.73847	0.35	0.15	0.6
1	1	1	1	-0.196116	0.765281	-0.613093	0.35	0.2	0.15
1	1	1	1	-0.0157336	-0.973235	0.229272	0.35	0.2	0.2
1	1	1	1	0.00448655	-0.999768	-0.0210804	0.35	0.2	0.25
1	1	1	1	0.0122498	-0.999225	-0.0374179	0.35	0.2	0.3
1	1	1	1	0.0122498	-0.999225	-0.0374179	0.35	0.2	0.35
1	1	1	1	0.0412964	-0.998275	0.0417424	0.35	0.2	0.4
1	1	1	1	0.0219581	-0.996973	0.0745823	0.35	0.2	0.45
1	1	1	1	0.0219581	-0.996973	0.0745823	0.35	0.2	0.5
1	1	1	1	-0.352661	0.366627	0.860938	0.35	0.2	0.55
1	1	1	1	-0.352661	0.366627	0.860938	0.35	0.2	0.6
1	1	1	1	-0.804001	-0.00479747	-0.594609	0.35	0.25	0.15
1	1	1	1	-0.804001	-0.00479747	-0.594609	0.35	0.25	0.2
1	1	1	1	-0.0303154	-0.104028	0.994112	0.35	0.25	0.5
1	1	1	1	-0.445266	0.778366	0.442588	0.35	0.25	0.55
1	1	1	1	-0.328371	0.532369	0.780228	0.35	0.25	0.6
1	1	1	1	-0.312815	-0.362478	-0.877927	0.35	0.3	0.1
1	1	1	1	-0.514012	-0.3516	-0.782412	0.35	0.3	0.15
1	1	1	1	-0.931991	-0.189084	-0.309256	0.35	0.3	0.2
1	1	1	1	0.120816	-0.161598	0.979433	0.35	0.3	0.5
1	1	1	1	-0.84481	-0.214739	0.490085	0.35	0.3	0.55
1	1	1	1	-0.650431	-0.189948	-0.735431	0.35	0.35	0.1
1	1	1	1	-0.670204	-0.357841	-0.650213	0.35	0.35	0.15
1	1	1	1	0.0932661	-0.204483	0.974417	0.35	0.35	0.5
1	1	1	1	-0.84481	-0.214739	0.490085	0.35	0.35	0.55
1	1	1	1	-0.759308	-0.471964	0.447997	0.35	0.35	0.6
1	1	1	1	-0.650431	-0.189948	-0.735431	0.35	0.4	0.1
1	1	1	1	-0.893727	-0.0809108	0.441255	0.35	0.4	0.55
1	1	1	1	-0.436259	-0.11371	0.892607	0.35	0.4	0.6
1	1	1	1	-0.217366	0.550458	-0.80607	0.35	0.45	0.1
1	1	1	1	-0.193634	0.249415	-0.94884	0.35	0.45	0.15
1	1	1	1	-0.893727	-0.0809108	0.441255	0.35	0.45	0.55
1	1	1	1	-0.254798	0.280958	0.925279	0.35	0.45	0.6
1	1	1	1	-0.249717	0.827875	-0.50226	0.35	0.5	0.1
1	1	1	1	-0.200635	0.250517	-0.947094	0.35	0.5	0.15
1	1	1	1	-0.200635	0.250517	-0.947094	0.35	0.5	0.2
1	1	1	1	0.226377	0.293712	0.928702	0.35	0.5	0.55
1	1	1	1	-0.343073	0.637742	0.689627	0.35	0.5	0.6
1	1	1	1	0.0570444	0.294847	-0.95384	0.35	0.55	0.2
1	1	1	1	-0.149018	0.491748	0.857891	0.35	0.55	0.5
1	1	1	1	-0.149018	0.491748	0.857891	0.35	0.55	0.55
1	1	1	1	0.0448925	0.524404	-0.850286	0.35	0.6	0.2
1	1	1	1	-0.190101	0.791345	-0.581064	0.35	0.6	0.25
1	1	1	1	-0.0739824	0.826429	0.558159	0.35	0.6	0.45
1	1	1	1	-0.256775	0.856149	0.448415	0.35	0.6	0.5
1	1	1	1	-0.10723	0.834386	-0.54065	0.35	0.65	0.25
1	1	1	1	-0.227015	0.952869	-0.201256	0.35	0.65	0.3
1	1	1	1	-0.244358	0.96619	-0.082258	0.35	0.65	0.35
1	1	1	1	-0.207021	0.908807	0.362231	0.35	0.65	0.4
1	1	1	1	-0.207021	0.908807	0.362231	0.35	0.65	0.45
1	1	1	1	0.250368	-0.829118	-0.49988	0.35	0.8	0.25
1	1	1	1	0.483707	-0.285036	0.827516	0.35	0.8	0.3
1	1	1	1	-0.198978	-0.41695	-0.886882	0.35	0.85	0.2
1	1	1	1	-0.198978	-0.41695	-0.886882	0.35	0.85	0.25
1	1	1	1	0.483707	-0.285036	0.827516	0.35	0.85	0.3
1	1	1	1	0.717755	-0.0400562	0.695143	0.35	0.9	0.2
1	1	1	1	0.419259	0.432422	0.798269	0.35	0.9	0.25
1	1	1	1	0.717755	-0.0400562	0.695143	0.35	0.95	0.2
1	1	1	1	0.771339	-0.270011	0.576307	0.35	0.95	0.25
1	1	1	1	0.0102738	-0.997868	0.0644559	0.4	0.15	0.15
1	1	1	1	-0.0161637	-0.97757	0.209992	0.4	0.15	0.2
1	1	1	1	0.169865	-0.788692	0.590856	0.4	0.15	0.55
1	1	1	1	0.169865	-0.788692	0.590856	0.4	0.15	0.6
1	1	1	1	0.279113	-0.183896	-0.942485	0.4	0.2	0.15
1	1	1	1	-0.00692873	-0.961349	0.275244	0.4	0.2	0.2
1	1	1	1	-0.00692873	-0.961349	0.275244	0.4	0.2	0.25
1	1	1	1	0.0186891	-0.999585	-0.021926	0.4	0.2	0.3
1	1	1	1	0.0186891	-0.999585	-0.021926	0.4	0.2	0.35
1	1	1	1	0.0412964	-0.998275	0.0417424	0.4	0.2	0.4
1	1	1	1	0.0219581	-0.996973	0.0745823	0.4	0.2	0.45
1	1	1	1	0.0219581	-0.996973	0.0745823	0.4	0.2	0.5
1	1	1	1	0.293195	0.38116	0.876786	0.4	0.2	0.55
1	1	1	1	0.293195	0.38116	0.876786	0.4	0.2	0.6
1	1	1	1	0.182052	-0.252101	-0.950422	0.4	0.25	0.1
1	1	1	1	0.130741	-0.460573	-0.87794	0.4	0.25	0.15
1	1	1	1	0.193258	0.727093	0.658777	0.4	0.25	0.55
1	1	1	1	0.2419	0.663835	0.707678	0.4	0.25	0.6
1	1	1	1	0.254814	-0.324895	-0.910776	0.4	0.3	0.1
1	1	1	1	-0.206113	-0.413562	-0.886839	0.4	0.3	0.15
1	1	1	1	-0.669185	-0.323759	0.668858	0.4	0.3	0.55
1	1	1	1	-0.328528	-0.396178	0.857387	0.4	0.3	0.6
1	1	1	1	0.153131	-0.0870616	-0.984363	0.4	0.35	0.1
1	1	1	1	-0.38002	-0.481503	0.789772	0.4	0.35	0.55
1	1	1	1	-0.249132	-0.250703	0.935458	0.4	0.35	0.6
1	1	1	1	0.168258	-0.00436324	-0.985733	0.4	0.4	0.1
1	1	1	1	-0.436259	-0.11371	0.892607	0.4	0.4	0.6
1	1	1	1	0.157071	0.359562	-0.919806	0.4	0.45	0.1
1	1	1	1	-0.254798	0.280958	0.925279	0.4	0.45	0.6
1	1	1	1	-0.00317622	0.603056	-0.797692	0.4	0.5	0.1
1	1	1	1	-0.292784	0.840515	-0.455864	0.4	0.5	0.15
1	1	1	1	0.0808585	0.279206	-0.956821	0.4	0.5	0.2
1	1	1	1	-0.0262676	0.333818	0.942272	0.4	0.5	0.55
1	1	1	1	-0.320012	0.58788	0.74296	0.4	0.5	0.6
1	1	1	1	0.0570444	0.294847	-0.95384	0.4	0.55	0.2
1	1	1	1	-0.189478	0.509597	0.839291	0.4	0.55	0.5
1	1	1	1	-0.0262676	0.333818	0.942272	0.4	0.55	0.55
1	1	1	1	-0.055073	0.624973	-0.778701	0.4	0.6	0.2
1	1	1	1	-0.0469701	0.608729	-0.791986	0.4	0.6	0.25
1	1	1	1	-0.265588	0.773089	0.576017	0.4	0.6	0.45
1	1	1	1	-0.189478	0.509597	0.839291	0.4	0.6	0.5
1	1	1	1	-0.141119	0.475159	0.86851	0.4	0.6	0.55
1	1	1	1	-0.219197	0.796485	-0.563529	0.4	0.65	0.25
1	1	1	1	-0.182757	0.961432	-0.205544	0.4	0.65	0.3
1	1	1	1	-0.182757	0.961432	-0.205544	0.4	0.65	0.35
1	1	1	1	-0.330856	0.859816	0.38891	0.4	0.65	0.4
1	1	1	1	-0.330856	0.859816	0.38891	0.4	0.65	0.45
1	1	1	1	-0.265588	0.773089	0.576017	0.4	0.65	0.5
1	1	1	1	0.559245	-0.757108	0.337686	0.4	0.8	0.25
1	1	1	1	-0.363942	-0.514193	-0.776629	0.4	0.85	0.2
1	1	1	1	0.155289	-0.860297	-0.485565	0.4	0.85	0.25
1	1	1	1	-0.363942	-0.514193	-0.776629	0.4	0.9	0.15
1	1	1	1	-0.363942	-0.514193	-0.776629	0.4	0.9	0.2
1	1	1	1	0.490631	0.3734	0.787308	0.4	0.9	0.25
1	1	1	1	0.388445	0.489258	-0.780857	0.4	0.95	0.15
1	1	1	1	0.824509	0.293401	0.48384	0.4	0.95	0.2
1	1	1	1	-0.862365	-0.506145	-0.0120277	0.45	0.15	0.15
1	1	1	1	0.0922682	-0.91998	-0.380951	0.45	0.15	0.2
1	1	1	1	-0.136953	-0.576215	0.805742	0.45	0.15	0.25
1	1	1	1	-0.655064	-0.754707	-0.0361839	0.45	0.15	0.35
1	1	1	1	-0.578385	-0.756729	0.304685	0.45	0.15	0.4
1	1	1	1	0.0140826	-0.999204	0.037324	0.45	0.15	0.5
1	1	1	1	0.169865	-0.788692	0.590856	0.45	0.15	0.55
1	1	1	1	0.124142	-0.713417	-0.689655	0.45	0.2	0.15
1	1	1	1	-0.130652	-0.57559	0.807234	0.45	0.2	0.2
1	1	1	1	-0.00692873	-0.961349	0.275244	0.45	0.2	0.25
1	1	1	1	-0.274455	-0.946452	-0.170007	0.45	0.2	0.3
1	1	1	1	-0.655064	-0.754707	-0.0361839	0.45	0.2	0.35
1	1	1	1	-0.578385	-0.756729	0.304685	0.45	0.2	0.4
1	1	1	1	-0.0178787	-0.993486	0.112541	0.45	0.2	0.45
1	1	1	1	0.0347011	-0.997477	0.0619332	0.45	0.2	0.5
1	1	1	1	-0.0710905	-0.768727	0.635614	0.45	0.2	0.55
1	1	1	1	0.201275	-0.25841	-0.944835	0.45	0.25	0.1
1	1	1	1	0.155531	-0.700543	-0.696455	0.45	0.25	0.15
1	1	1	1	-0.0710905	-0.768727	0.635614	0.45	0.25	0.55
1	1	1	1	-0.111962	-0.0356077	0.993074	0.45	0.25	0.6
1	1	1	1	0.278581	-0.225587	-0.933543	0.45	0.3	0.1
1	1	1	1	0.240899	-0.272397	-0.93154	0.45	0.3	0.15
1	1	1	1	-0.158858	-0.52699	0.834893	0.45	0.3	0.6
1	1	1	1	0.174882	-0.239198	-0.955092	0.45	0.35	0.1
1	1	1	1	0.0494609	-0.178505	0.982695	0.45	0.35	0.6
1	1	1	1	0.183962	-0.0543646	-0.981429	0.45	0.4	0.1
1	1	1	1	0.0230977	0.163561	0.986263	0.45	0.4	0.6
1	1	1	1	0.157071	0.359562	-0.919806	0.45	0.45	0.1
1	1	1	1	0.164359	0.569983	-0.80505	0.45	0.45	0.15
1	1	1	1	0.128309	0.28658	0.949425	0.45	0.45	0.6
1	1	1	1	0.164359	0.569983	-0.80505	0.45	0.5	0.1
1	1	1	1	0.0808585	0.279206	-0.956821	0.45	0.5	0.15
1	1	1	1	0.0808585	0.279206	-0.956821	0.45	0.5	0.2
1	1	1	1	0.261792	0.0781895	0.961952	0.45	0.5	0.55
1	1	1	1	0.165351	0.717134	0.677036	0.45	0.5	0.6
1	1	1	1	0.242589	0.2542	-0.936233	0.45	0.55	0.2
1	1	1	1	0.107577	0.272148	0.956223	0.45	0.55	0.55
1	1	1	1	-0.237346	0.700378	-0.673155	0.45	0.6	0.2
1	1	1	1	-0.237346	0.700378	-0.673155	0.45	0.6	0.25
1	1	1	1	-0.00434943	0.667911	0.744228	0.45	0.6	0.5
1	1	1	1	0.085169	0.37592	0.92273	0.45	0.6	0.55
1	1	1	1	0.0996678	0.724932	-0.681571	0.45	0.65	0.25
1	1	1	1	-0.182757	0.961432	-0.205544	0.45	0.65	0.3
1	1	1	1	-0.182757	0.961432	-0.205544	0.45	0.65	0.35
1	1	1	1	-0.126307	0.984941	0.118054	0.45	0.65	0.4
1	1	1	1	-0.268259	0.903727	0.333638	0.45	0.65	0.45
1	1	1	1	-0.0689079	0.813992	0.576775	0.45	0.65	0.5
1	1	1	1	-0.0966621	0.993675	-0.0571578	0.45	0.7	0.35
1	1	1	1	-0.126307	0.984941	0.118054	0.45	0.7	0.4
1	1	1	1	0.771729	-0.558661	-0.303861	0.45	0.85	0.2
1	1	1	1	0.771729	-0.558661	-0.303861	0.45	0.9	0.15
1	1	1	1	0.771729	-0.558661	-0.303861	0.45	0.9	0.2
1	1	1	1	0.747057	-0.0568008	-0.662329	0.45	0.95	0.15
1	1	1	1	0.139822	-0.143623	-0.979705	0.5	0.15	0.15
1	1	1	1	0.0922682	-0.91998	-0.380951	0.5	0.15	0.2
1	1	1	1	-0.343579	-0.520157	0.781914	0.5	0.15	0.25
1	1	1	1	-0.101555	-0.993686	-0.0476944	0.5	0.15	0.3
1	1	1	1	-0.709181	-0.54602	-0.446009	0.5	0.15	0.35
1	1	1	1	-0.578385	-0.756729	0.304685	0.5	0.15	0.4
1	1	1	1	-0.0514679	-0.997697	0.0441847	0.5	0.15	0.45
1	1	1	1	0.0140826	-0.999204	0.037324	0.5	0.15	0.5
1	1	1	1	0.0140826	-0.999204	0.037324	0.5	0.15	0.55
1	1	1	1	0.115229	-0.497644	-0.859693	0.5	0.2	0.15
1	1	1	1	0.0614817	-0.423949	-0.903597	0.5	0.2	0.2
1	1	1	1	-0.343579	-0.520157	0.781914	0.5	0.2	0.25
1	1	1	1	-0.709181	-0.54602	-0.446009	0.5	0.2	0.3
1	1	1	1	-0.709181	-0.54602	-0.446009	0.5	0.2	0.35
1	1	1	1	-0.578385	-0.756729	0.304685	0.5	0.2	0.4
1	1	1	1	-0.0178787	-0.993486	0.112541	0.5	0.2	0.45
1	1	1	1	-0.0178787	-0.993486	0.112541	0.5	0.2	0.5
1	1	1	1	-0.0710905	-0.768727	0.635614	0.5	0.2	0.55
1	1	1	1	0.153469	-0.358027	-0.921013	0.5	0.25	0.15
1	1	1	1	-0.0710905	-0.768727	0.635614	0.5	0.25	0.55
1	1	1	1	0.0281675	-0.356111	0.934019	0.5	0.25	0.6
1	1	1	1	0.278581	-0.225587	-0.933543	0.5	0.3	0.1
1	1	1	1	0.251088	-0.208401	-0.945264	0.5	0.3	0.15
1	1	1	1	0.240178	-0.29286	0.925499	0.5	0.3	0.6
1	1	1	1	0.298106	-0.157205	-0.941499	0.5	0.35	0.1
1	1	1	1	0.334588	-0.0802999	-0.938937	0.5	0.35	0.15
1	1	1	1	0.0623284	-0.0327686	0.997518	0.5	0.35	0.6
1	1	1	1	0.475997	0.0524027	-0.877884	0.5	0.4	0.1
1	1	1	1	0.422193	0.127101	-0.897551	0.5	0.4	0.15
1	1	1	1	0.0623284	-0.0327686	0.997518	0.5	0.4	0.6
1	1	1	1	0.396779	0.479993	-0.782415	0.5	0.45	0.1
1	1	1	1	0.374918	0.545907	-0.749281	0.5	0.45	0.15
1	1	1	1	0.200834	0.35243	0.914035	0.5	0.45	0.6
1	1	1	1	0.187963	0.886965	-0.421857	0.5	0.5	0.15
1	1	1	1	-0.0740781	0.492584	-0.867106	0.5	0.5	0.2
1	1	1	1	-0.246132	0.620912	0.744236	0.5	0.5	0.55
1	1	1	1	0.165351	0.717134	0.677036	0.5	0.5	0.6
1	1	1	1	0.242589	0.2542	-0.936233	0.5	0.55	0.2
1	1	1	1	0.30368	0.309514	0.901099	0.5	0.55	0.5
1	1	1	1	-0.23055	0.656447	0.718278	0.5	0.55	0.55
1	1	1	1	-0.237346	0.700378	-0.673155	0.5	0.6	0.2
1	1	1	1	-0.237346	0.700378	-0.673155	0.5	0.6	0.25
1	1	1	1	0.188027	0.438538	0.878823	0.5	0.6	0.5
1	1	1	1	0.188027	0.438538	0.878823	0.5	0.6	0.55
1	1	1	1	0.0996678	0.724932	-0.681571	0.5	0.65	0.25
1	1	1	1	-0.0696285	0.990243	-0.120705	0.5	0.65	0.3
1	1	1	1	-0.0696285	0.990243	-0.120705	0.5	0.65	0.35
1	1	1	1	-0.0512734	0.98867	0.141076	0.5	0.65	0.4
1	1	1	1	-0.0267711	0.896163	0.442916	0.5	0.65	0.45
1	1	1	1	0.0251277	0.646999	0.762077	0.5	0.65	0.5
1	1	1	1	-0.0966621	0.993675	-0.0571578	0.5	0.7	0.35
1	1	1	1	-0.107125	0.994245	0.000624936	0.5	0.7	0.4
1	1	1	1	0.628875	-0.664599	-0.403515	0.55	0.15	0.2
1	1	1	1	0.623621	-0.634807	-0.456198	0.55	0.15	0.25
1	1	1	1	-0.101555	-0.993686	-0.0476944	0.55	0.15	0.3
1	1	1	1	0.323876	-0.438813	0.838181	0.55	0.15	0.35
1	1	1	1	-0.0706667	-0.99696	0.0328251	0.55	0.15	0.4
1	1	1	1	-0.0706667	-0.99696	0.0328251	0.55	0.15	0.45
1	1	1	1	-0.0706667	-0.99696	0.0328251	0.55	0.15	0.5
1	1	1	1	0.539494	-0.320953	0.778418	0.55	0.15	0.55
1	1	1	1	0.31059	-0.345801	-0.885413	0.55	0.2	0.15
1	1	1	1	0.628875	-0.664599	-0.403515	0.55	0.2	0.2
1	1	1	1	-0.459337	-0.718748	0.52193	0.55	0.2	0.45
1	1	1	1	-0.941533	-0.116861	-0.316005	0.55	0.2	0.5
1	1	1	1	0.0134413	-0.837847	0.54574	0.55	0.2	0.55
1	1	1	1	0.272208	-0.584245	-0.764566	0.55	0.25	0.15
1	1	1	1	0.272208	-0.584245	-0.764566	0.55	0.25	0.2
1	1	1	1	0.349035	-0.705473	0.616832	0.55	0.25	0.55
1	1	1	1	0.241169	-0.546316	0.802107	0.55	0.25	0.6
1	1	1	1	0.328392	-0.0776565	-0.941344	0.55	0.3	0.15
1	1	1	1	0.487279	-0.289879	0.823729	0.55	0.3	0.55
1	1	1	1	0.300867	0.130831	0.944649	0.55	0.3	0.6
1	1	1	1	0.497132	0.00484121	-0.867661	0.55	0.35	0.15
1	1	1	1	0.5039	-0.295579	0.811614	0.55	0.35	0.55
1	1	1	1	0.221913	-0.20745	0.952743	0.55	0.35	0.6
1	1	1	1	0.415222	0.0626931	-0.907557	0.55	0.4	0.15
1	1	1	1	0.227435	0.0756619	0.97085	0.55	0.4	0.6
1	1	1	1	0.543853	0.312813	-0.778699	0.55	0.45	0.15
1	1	1	1	0.152585	0.219466	0.963614	0.55	0.45	0.55
1	1	1	1	0.206253	0.524975	0.825749	0.55	0.45	0.6
1	1	1	1	0.36458	0.699771	-0.614331	0.55	0.5	0.15
1	1	1	1	0.36458	0.699771	-0.614331	0.55	0.5	0.2
1	1	1	1	-0.246132	0.620912	0.744236	0.55	0.5	0.55
1	1	1	1	0.206253	0.524975	0.825749	0.55	0.5	0.6
1	1	1	1	0.360999	0.350517	-0.864186	0.55	0.55	0.2
1	1	1	1	0.264886	0.484868	0.83351	0.55	0.55	0.5
1	1	1	1	0.248316	0.707266	0.661901	0.55	0.55	0.55
1	1	1	1	0.360999	0.350517	-0.864186	0.55	0.6	0.2
1	1	1	1	0.0353396	0.693585	-0.719507	0.55	0.6	0.25
1	1	1	1	0.264886	0.484868	0.83351	0.55	0.6	0.5
1	1	1	1	0.0103388	0.761431	-0.648164	0.55	0.65	0.25
1	1	1	1	0.178457	0.958496	-0.22235	0.55	0.65	0.3
1	1	1	1	0.178457	0.958496	-0.22235	0.55	0.65	0.35
1	1	1	1	0.160594	0.984556	0.069704	0.55	0.65	0.4
1	1	1	1	0.162993	0.739866	0.652711	0.55	0.65	0.45
1	1	1	1	0.162993	0.739866	0.652711	0.55	0.65	0.5
1	1	1	1	0.160594	0.984556	0.069704	0.55	0.7	0.35
1	1	1	1	0.160594	0.984556	0.069704	0.55	0.7	0.4
1	1	1	1	0.623621	-0.634807	-0.456198	0.6	0.15	0.2
1	1	1	1	0.577653	-0.798416	-0.169849	0.6	0.15	0.25
1	1	1	1	0.232697	-0.734993	-0.636896	0.6	0.15	0.3
1	1	1	1	0.163461	-0.912905	-0.374013	0.6	0.15	0.35
1	1	1	1	0.131004	-0.978746	-0.157778	0.6	0.15	0.4
1	1	1	1	0.0658686	-0.996073	0.0591615	0.6	0.15	0.45
1	1	1	1	0.713225	-0.543498	0.442629	0.6	0.15	0.5
1	1	1	1	0.508891	-0.712927	0.482458	0.6	0.15	0.55
1	1	1	1	0.524876	-0.796506	-0.300139	0.6	0.2	0.2
1	1	1	1	0.524876	-0.796506	-0.300139	0.6	0.2	0.25
1	1	1	1	0.232697	-0.734993	-0.636896	0.6	0.2	0.3
1	1	1	1	0.710902	-0.653205	0.260656	0.6	0.2	0.45
1	1	1	1	0.590898	-0.172712	0.788042	0.6	0.2	0.5
1	1	1	1	0.590898	-0.172712	0.788042	0.6	0.2	0.55
1	1	1	1	0.509516	-0.498179	-0.701577	0.6	0.25	0.15
1	1	1	1	0.524876	-0.796506	-0.300139	0.6	0.25	0.2
1	1	1	1	0.636993	-0.740053	-0.215779	0.6	0.25	0.25
1	1	1	1	0.484043	-0.452042	0.74924	0.6	0.25	0.5
1	1	1	1	0.402147	-0.539642	0.739638	0.6	0.25	0.55
1	1	1	1	0.66209	-0.0150022	-0.749274	0.6	0.3	0.15
1	1	1	1	0.629682	-0.391098	-0.671225	0.6	0.3	0.2
1	1	1	1	0.335166	-0.187116	0.923391	0.6	0.3	0.55
1	1	1	1	0.629059	-0.074245	-0.773804	0.6	0.35	0.15
1	1	1	1	0.629059	-0.074245	-0.773804	0.6	0.35	0.2
1	1	1	1	0.538803	-0.20063	0.818193	0.6	0.35	0.55
1	1	1	1	0.538803	-0.20063	0.818193	0.6	0.35	0.6
1	1	1	1	0.607377	0.0761339	-0.790757	0.6	0.4	0.15
1	1	1	1	0.607377	0.0761339	-0.790757	0.6	0.4	0.2
1	1	1	1	0.648535	0.0959667	0.755111	0.6	0.4	0.55
1	1	1	1	0.63533	0.271074	0.723101	0.6	0.4	0.6
1	1	1	1	0.500133	0.347073	-0.793352	0.6	0.45	0.15
1	1	1	1	0.559964	0.161924	-0.81254	0.6	0.45	0.2
1	1	1	1	0.153778	0.220352	0.963222	0.6	0.45	0.55
1	1	1	1	0.63533	0.271074	0.723101	0.6	0.45	0.6
1	1	1	1	0.198323	0.377065	-0.904704	0.6	0.5	0.15
1	1	1	1	0.0561732	0.355826	-0.932863	0.6	0.5	0.2
1	1	1	1	0.484196	0.410412	0.772732	0.6	0.5	0.5
1	1	1	1	0.153778	0.220352	0.963222	0.6	0.5	0.55
1	1	1	1	0.360999	0.350517	-0.864186	0.6	0.55	0.2
1	1	1	1	0.388014	0.531228	-0.753155	0.6	0.55	0.25
1	1	1	1	0.264886	0.484868	0.83351	0.6	0.55	0.5
1	1	1	1	0.248316	0.707266	0.661901	0.6	0.55	0.55
1	1	1	1	0.360999	0.350517	-0.864186	0.6	0.6	0.2
1	1	1	1	0.499781	0.589754	-0.634357	0.6	0.6	0.25
1	1	1	1	0.599884	0.725583	-0.337149	0.6	0.6	0.3
1	1	1	1	0.604575	0.766702	-0.216005	0.6	0.6	0.35
1	1	1	1	0.638498	0.753816	0.155185	0.6	0.6	0.4
1	1	1	1	0.339787	0.652943	0.676912	0.6	0.6	0.45
1	1	1	1	0.264886	0.484868	0.83351	0.6	0.6	0.5
1	1	1	1	0.346774	0.762885	-0.545668	0.6	0.65	0.25
1	1	1	1	0.391477	0.901139	-0.186263	0.6	0.65	0.3
1	1	1	1	0.427874	0.900196	-0.0810677	0.6	0.65	0.35
1	1	1	1	0.638498	0.753816	0.155185	0.6	0.65	0.4
1	1	1	1	0.488032	0.82611	0.281723	0.6	0.65	0.45
1	1	1	1	0.302707	0.773838	0.556367	0.6	0.65	0.5
1	1	1	1	0.232697	-0.734993	-0.636896	0.65	0.15	0.3
1	1	1	1	0.439441	-0.897698	0.032083	0.65	0.15	0.35
1	1	1	1	0.100259	-0.994282	0.0367722	0.65	0.15	0.4
1	1	1	1	0.353199	-0.868064	0.348876	0.65	0.15	0.45
1	1	1	1	0.636993	-0.740053	-0.215779	0.65	0.2	0.25
1	1	1	1	0.232697	-0.734993	-0.636896	0.65	0.2	0.3
1	1	1	1	0.287626	-0.919335	-0.268505	0.65	0.2	0.35
1	1	1	1	0.347215	-0.891814	0.290016	0.65	0.2	0.4
1	1	1	1	0.0269573	-0.508147	0.860848	0.65	0.2	0.45
1	1	1	1	0.605141	-0.357453	0.711359	0.65	0.2	0.5
1	1	1	1	0.716392	-0.0292432	-0.697085	0.65	0.25	0.2
1	1	1	1	0.707071	-0.517117	-0.482328	0.65	0.25	0.25
1	1	1	1	-0.220925	-0.155932	0.962745	0.65	0.25	0.45
1	1	1	1	0.382131	-0.411796	0.827285	0.65	0.25	0.5
1	1	1	1	0.527958	-0.458258	0.715024	0.65	0.25	0.55
1	1	1	1	0.629682	-0.391098	-0.671225	0.65	0.3	0.2
1	1	1	1	0.748598	-0.186624	-0.636218	0.65	0.3	0.25
1	1	1	1	0.710956	-0.0869615	0.697839	0.65	0.3	0.5
1	1	1	1	0.54357	-0.0571911	0.837413	0.65	0.3	0.55
1	1	1	1	0.629059	-0.074245	-0.773804	0.65	0.35	0.2
1	1	1	1	0.74859	0.0415892	-0.661727	0.65	0.35	0.25
1	1	1	1	0.752065	-0.116593	0.648695	0.65	0.35	0.5
1	1	1	1	0.54357	-0.0571911	0.837413	0.65	0.35	0.55
1	1	1	1	0.48941	-0.16013	-0.857226	0.65	0.4	0.2
1	1	1	1	0.784731	-0.32525	-0.527646	0.65	0.4	0.25
1	1	1	1	0.773539	-0.0517261	0.631634	0.65	0.4	0.5
1	1	1	1	0.694141	0.083681	0.714958	0.65	0.4	0.55
1	1	1	1	0.510777	0.124285	-0.850682	0.65	0.45	0.2
1	1	1	1	0.493767	0.663167	-0.562498	0.65	0.45	0.25
1	1	1	1	0.803814	-0.0647866	0.591343	0.65	0.45	0.5
1	1	1	1	0.694141	0.083681	0.714958	0.65	0.45	0.55
1	1	1	1	0.530395	0.370958	-0.76228	0.65	0.5	0.2
1	1	1	1	0.772292	0.127706	-0.622299	0.65	0.5	0.25
1	1	1	1	0.745561	0.386135	0.543174	0.65	0.5	0.45
1	1	1	1	0.484196	0.410412	0.772732	0.65	0.5	0.5
1	1	1	1	0.484196	0.410412	0.772732	0.65	0.5	0.55
1	1	1	1	0.516932	0.448949	-0.728853	0.65	0.55	0.2
1	1	1	1	0.808176	0.486282	-0.332236	0.65	0.55	0.25
1	1	1	1	0.808176	0.486282	-0.332236	0.65	0.55	0.3
1	1	1	1	0.831363	0.555033	-0.0278345	0.65	0.55	0.35
1	1	1	1	0.834871	0.513596	0.198013	0.65	0.55	0.4
1	1	1	1	0.784307	0.50577	0.359247	0.65	0.55	0.45
1	1	1	1	0.463692	0.325933	0.823867	0.65	0.55	0.5
1	1	1	1	0.482017	0.537474	-0.69194	0.65	0.6	0.25
1	1	1	1	0.835959	0.471811	-0.280297	0.65	0.6	0.3
1	1	1	1	0.831363	0.555033	-0.0278345	0.65	0.6	0.35
1	1	1	1	0.834871	0.513596	0.198013	0.65	0.6	0.4
1	1	1	1	0.784307	0.50577	0.359247	0.65	0.6	0.45
1	1	1	1	0.426497	0.51045	0.746687	0.65	0.6	0.5
1	1	1	1	0.646796	0.76102	-0.0500277	0.65	0.65	0.35
1	1	1	1	0.638498	0.753816	0.155185	0.65	0.65	0.4
1	1	1	1	0.439441	-0.897698	0.032083	0.7	0.15	0.35
1	1	1	1	0.439441	-0.897698	0.032083	0.7	0.15	0.4
1	1	1	1	0.189345	-0.483048	-0.854876	0.7	0.2	0.25
1	1	1	1	0.454111	-0.726321	-0.515985	0.7	0.2	0.3
1	1	1	1	0.513025	-0.857441	-0.0399972	0.7	0.2	0.35
1	1	1	1	0.439441	-0.897698	0.032083	0.7	0.2	0.4
1	1	1	1	0.0269573	-0.508147	0.860848	0.7	0.2	0.45
1	1	1	1	0.733494	0.119336	-0.669138	0.7	0.25	0.25
1	1	1	1	0.489087	-0.684266	-0.540901	0.7	0.25	0.3
1	1	1	1	0.376395	-0.253394	0.891133	0.7	0.25	0.45
1	1	1	1	0.376395	-0.253394	0.891133	0.7	0.25	0.5
1	1	1	1	0.748598	-0.186624	-0.636218	0.7	0.3	0.25
1	1	1	1	0.733494	0.119336	-0.669138	0.7	0.3	0.3
1	1	1	1	-0.128606	0.297714	0.945953	0.7	0.3	0.45
1	1	1	1	-0.170557	0.298861	0.938931	0.7	0.3	0.5
1	1	1	1	0.74859	0.0415892	-0.661727	0.7	0.35	0.25
1	1	1	1	0.939403	-0.0102589	-0.342661	0.7	0.35	0.3
1	1	1	1	0.756042	0.647811	-0.0934905	0.7	0.35	0.35
1	1	1	1	0.958326	0.0427269	0.282463	0.7	0.35	0.4
1	1	1	1	-0.289332	0.569478	0.769403	0.7	0.35	0.45
1	1	1	1	0.752065	-0.116593	0.648695	0.7	0.35	0.5
1	1	1	1	0.823232	-0.21182	-0.526708	0.7	0.4	0.2
1	1	1	1	0.926657	-0.0717512	-0.368997	0.7	0.4	0.25
1	1	1	1	0.981148	0.0150555	-0.192673	0.7	0.4	0.3
1	1	1	1	0.981148	0.0150555	-0.192673	0.7	0.4	0.35
1	1	1	1	0.994072	0.0755633	0.0781709	0.7	0.4	0.4
1	1	1	1	0.958326	0.0427269	0.282463	0.7	0.4	0.45
1	1	1	1	0.773539	-0.0517261	0.631634	0.7	0.4	0.5
1	1	1	1	0.686922	0.288188	-0.667147	0.7	0.45	0.2
1	1	1	1	0.897285	0.285135	-0.337014	0.7	0.45	0.25
1	1	1	1	0.897285	0.285135	-0.337014	0.7	0.45	0.3
1	1	1	1	0.981148	0.0150555	-0.192673	0.7	0.45	0.35
1	1	1	1	0.987993	0.141155	0.06281	0.7	0.45	0.4
1	1	1	1	0.858187	0.0210015	0.512908	0.7	0.45	0.45
1	1	1	1	0.803814	-0.0647866	0.591343	0.7	0.45	0.5
1	1	1	1	0.897285	0.285135	-0.337014	0.7	0.5	0.25
1	1	1	1	0.897285	0.285135	-0.337014	0.7	0.5	0.3
1	1	1	1	0.924167	0.328512	-0.194922	0.7	0.5	0.35
1	1	1	1	0.923243	0.373458	0.0902881	0.7	0.5	0.4
1	1	1	1	0.789856	0.339285	0.510894	0.7	0.5	0.45
1	1	1	1	0.789856	0.339285	0.510894	0.7	0.5	0.5
1	1	1	1	0.808176	0.486282	-0.332236	0.7	0.55	0.25
1	1	1	1	0.924167	0.328512	-0.194922	0.7	0.55	0.3
1	1	1	1	0.915768	0.39726	-0.0596071	0.7	0.55	0.35
1	1	1	1	0.834871	0.513596	0.198013	0.7	0.55	0.4
1	1	1	1	0.784307	0.50577	0.359247	0.7	0.55	0.45
1	1	1	1	0.595142	-0.772773	-0.22052	0.75	0.2	0.3
1	1	1	1	0.513025	-0.857441	-0.0399972	0.75	0.2	0.35
1	1	1	1	0.513025	-0.857441	-0.0399972	0.75	0.2	0.4
1	1	1	1	0.548701	-0.707291	0.445719	0.75	0.2	0.45
1	1	1	1	0.353236	-0.074623	-0.932553	0.75	0.25	0.25
1	1	1	1	0.531586	-0.539063	-0.65332	0.75	0.25	0.3
1	1	1	1	0.735803	-0.656046	-0.167921	0.75	0.25	0.35
1	1	1	1	0.548701	-0.707291	0.445719	0.75	0.25	0.4
1	1	1	1	0.376395	-0.253394	0.891133	0.75	0.25	0.45
1	1	1	1	0.121465	0.0406714	0.991762	0.75	0.25	0.5
1	1	1	1	0.192471	0.125114	-0.973294	0.75	0.3	0.25
1	1	1	1	0.824503	-0.251227	-0.507031	0.75	0.3	0.3
1	1	1	1	-0.289332	0.569478	0.769403	0.75	0.3	0.45
1	1	1	1	0.121465	0.0406714	0.991762	0.75	0.3	0.5
1	1	1	1	0.756042	0.647811	-0.0934905	0.75	0.35	0.3
1	1	1	1	0.986992	0.157915	-0.0301735	0.75	0.35	0.35
1	1	1	1	0.994072	0.0755633	0.0781709	0.75	0.35	0.4
1	1	1	1	-0.289332	0.569478	0.769403	0.75	0.35	0.45
1	1	1	1	0.981148	0.0150555	-0.192673	0.75	0.4	0.35
1	1	1	1	0.986992	0.157915	-0.0301735	0.75	0.4	0.4
1	1	1	1	0.990187	0.132543	0.0443	0.75	0.45	0.35
1	1	1	1	0.993988	0.0841364	0.0700703	0.75	0.45	0.4
1	1	1	1	0.824503	-0.251227	-0.507031	0.8	0.25	0.3
1	1	1	1	0.824503	-0.251227	-0.507031	0.8	0.25	0.35
1	1	1	1	0.910868	-0.404593	-0.0813874	0.8	0.25	0.4
1	1	1	1	0.641328	-0.50863	0.574452	0.8	0.25	0.45
1	1	1	1	0.824503	-0.251227	-0.507031	0.8	0.3	0.3
1	1	1	1	0.824503	-0.251227	-0.507031	0.8	0.3	0.35
1	1	1	1	0.990107	0.0221093	0.138558	0.8	0.3	0.4
1	1	1	1	0.726455	-0.0177598	0.686984	0.8	0.3	0.45
1	1	1	1	0.88572	0.192324	-0.422506	0.8	0.35	0.3
1	1	1	1	0.979296	0.129529	-0.155566	0.8	0.35	0.35
1	1	1	1	0.830224	0.425603	0.359987	0.8	0.35	0.4
1	1	1	1	0.680307	0.292838	0.671884	0.8	0.35	0.45
